215
900
1044
1195
1241
1344
1375
1756
1780
2026
2033
2188
2322
2395
5251
5405
5406
5591
6371
6853
7219
7318
7347
7831
7929
7946
8540
8761
9055
9116
10841
10977
12693
12774
13296
13303
13639
13720
15769
16805
18333
19515
20460
20469
20785
20997
21048
21689
21690
21726
22594
23590
24403
24979
25010
25862
25922
27351
27949
44781
62
63
108
167
572
586
830
832
901
1292
1489
1604
1695
1922
2102
2132
2170
2187
2437
2533
2541
5426
6435
6578
6736
7303
7363
7778
8756
8987
10913
12315
12352
12735
12773
12982
13546
13646
13649
13662
13990
14051
14053
14054
14078
16484
16631
19186
20201
20759
21082
23621
25014
26893
27346
27353
27831
0
